tanggal,kode,open,high,low,close,volume
2025-09-01,ANTM,1603,1633,1543,1573,42308911
2025-09-01,ASII,4818,4839,4697,4725,62471835
2025-09-01,BBRI,4468,4633,4450,4627,8453289
2025-09-01,BRPT,1107,1117,1084,1092,57549709
2025-09-01,TLKM,2893,2917,2835,2853,10416523
2025-09-02,ANTM,1585,1612,1557,1591,35820542
2025-09-02,ASII,4711,4749,4645,4708,1083414
2025-09-02,BBRI,4623,4673,4620,4641,63561290
2025-09-02,BRPT,1079,1100,1078,1097,16685354
2025-09-02,TLKM,2823,2861,2757,2798,32969201
2025-09-03,ANTM,1596,1611,1562,1590,28360823
2025-09-03,ASII,4749,4829,4748,4764,8023489
2025-09-03,BBRI,4588,4691,4507,4604,75552519
2025-09-03,BRPT,1086,1128,1068,1111,71404958
2025-09-03,TLKM,2773,2816,2707,2748,80374222
2025-09-04,ANTM,1587,1631,1556,1627,79660512
2025-09-04,ASII,4745,4797,4584,4649,31858527
2025-09-04,BBRI,4555,4630,4540,4549,84384724
2025-09-04,BRPT,1104,1106,1071,1093,81144008
2025-09-04,TLKM,2736,2771,2638,2686,1583951
2025-09-05,ANTM,1632,1677,1613,1662,72482044
2025-09-05,ASII,4619,4680,4541,4592,48413585
2025-09-05,BBRI,4530,4694,4468,4668,80527330
2025-09-05,BRPT,1090,1094,1063,1065,13757289
2025-09-05,TLKM,2661,2683,2637,2664,60025908
2025-09-08,ANTM,1669,1693,1646,1681,49707595
2025-09-08,ASII,4550,4637,4488,4608,66262334
2025-09-08,BBRI,4638,4697,4610,4655,4125273
2025-09-08,BRPT,1053,1112,1043,1096,60166489
2025-09-08,TLKM,2649,2750,2608,2699,42131753
2025-09-09,ANTM,1700,1725,1685,1723,40960486
2025-09-09,ASII,4583,4656,4514,4643,77263181
2025-09-09,BBRI,4606,4736,4547,4711,62363030
2025-09-09,BRPT,1108,1123,1091,1116,13638790
2025-09-09,TLKM,2712,2726,2675,2688,19901525
2025-09-10,ANTM,1735,1743,1677,1684,14645913
2025-09-10,ASII,4668,4733,4583,4671,40661515
2025-09-10,BBRI,4658,4706,4563,4630,82708574
2025-09-10,BRPT,1116,1129,1078,1099,30301759
2025-09-10,TLKM,2715,2784,2688,2753,12036471
2025-09-11,ANTM,1668,1688,1616,1640,89407033
2025-09-11,ASII,4682,4847,4669,4809,5832880
2025-09-11,BBRI,4606,4733,4578,4642,21549818
2025-09-11,BRPT,1104,1116,1088,1092,76867003
2025-09-11,TLKM,2780,2848,2761,2796,3401644
2025-09-12,ANTM,1632,1694,1625,1679,14030473
2025-09-12,ASII,4770,4884,4685,4796,68318532
2025-09-12,BBRI,4670,4742,4542,4563,47548745
2025-09-12,BRPT,1079,1119,1066,1117,59768397
2025-09-12,TLKM,2805,2848,2760,2828,84492328
2025-09-15,ANTM,1683,1756,1681,1727,60612242
2025-09-15,ASII,4748,4880,4666,4845,4500854
2025-09-15,BBRI,4611,4616,4445,4446,11729345
2025-09-15,BRPT,1130,1159,1125,1139,62047019
2025-09-15,TLKM,2848,2883,2792,2868,65683177
2025-09-16,ANTM,1734,1747,1681,1707,46711950
2025-09-16,ASII,4843,5008,4759,4967,4684519
2025-09-16,BBRI,4449,4505,4387,4505,26099148
2025-09-16,BRPT,1142,1151,1120,1148,22212267
2025-09-16,TLKM,2842,2864,2836,2861,68656489
2025-09-17,ANTM,1690,1742,1674,1712,73393879
2025-09-17,ASII,5006,5013,4798,4875,78039059
2025-09-17,BBRI,4543,4611,4455,4565,66718292
2025-09-17,BRPT,1155,1177,1137,1176,52790050
2025-09-17,TLKM,2827,2867,2793,2823,50835061
2025-09-18,ANTM,1703,1750,1669,1720,49935436
2025-09-18,ASII,4902,4915,4709,4763,74469278
2025-09-18,BBRI,4523,4568,4448,4476,13076049
2025-09-18,BRPT,1166,1190,1162,1172,72627976
2025-09-18,TLKM,2794,2831,2784,2785,29326682
2025-09-19,ANTM,1705,1735,1688,1694,64937993
2025-09-19,ASII,4809,4891,4666,4697,69656168
2025-09-19,BBRI,4484,4563,4379,4441,29068140
2025-09-19,BRPT,1174,1180,1137,1159,87804230
2025-09-19,TLKM,2762,2895,2761,2855,10185609
2025-09-22,ANTM,1691,1763,1682,1733,40371787
2025-09-22,ASII,4744,4753,4583,4622,61420677
2025-09-22,BBRI,4480,4543,4464,4542,11992694
2025-09-22,BRPT,1161,1182,1138,1153,55522625
2025-09-22,TLKM,2867,2918,2759,2808,74117270
2025-09-23,ANTM,1744,1745,1688,1701,64664109
2025-09-23,ASII,4588,4806,4524,4725,43827569
2025-09-23,BBRI,4503,4643,4458,4628,68378281
2025-09-23,BRPT,1156,1176,1128,1136,38111246
2025-09-23,TLKM,2803,2845,2767,2843,44148047
2025-09-24,ANTM,1713,1732,1656,1689,5717712
2025-09-24,ASII,4758,4786,4695,4721,19971989
2025-09-24,BBRI,4666,4755,4504,4552,26021615
2025-09-24,BRPT,1143,1163,1138,1142,62433317
2025-09-24,TLKM,2810,2833,2775,2793,25797020
2025-09-25,ANTM,1691,1728,1673,1714,70478331
2025-09-25,ASII,4689,4864,4654,4862,74361419
2025-09-25,BBRI,4523,4538,4423,4511,78909616
2025-09-25,BRPT,1130,1148,1129,1145,20283632
2025-09-25,TLKM,2806,2822,2767,2800,7883354
2025-09-26,ANTM,1707,1735,1662,1675,64541031
2025-09-26,ASII,4842,4897,4816,4842,49476258
2025-09-26,BBRI,4540,4558,4402,4404,44232280
2025-09-26,BRPT,1134,1150,1122,1147,25735756
2025-09-26,TLKM,2816,2908,2789,2854,80111429
2025-09-29,ANTM,1689,1722,1628,1660,14584443
2025-09-29,ASII,4871,4959,4801,4899,25403149
2025-09-29,BBRI,4439,4481,4353,4465,66130307
2025-09-29,BRPT,1134,1137,1102,1117,65161684
2025-09-29,TLKM,2883,2931,2871,2920,8097424
2025-09-30,ANTM,1655,1667,1626,1654,55361943
2025-09-30,ASII,4934,5082,4883,5006,37124076
2025-09-30,BBRI,4468,4527,4383,4459,61003935
2025-09-30,BRPT,1110,1132,1107,1122,9945282
2025-09-30,TLKM,2916,3039,2912,2997,82541228
2025-10-01,ANTM,1662,1665,1651,1665,30358829
2025-10-01,ASII,5003,5066,4841,4901,57834167
2025-10-01,BBRI,4458,4488,4384,4478,78203045
2025-10-01,BRPT,1131,1145,1124,1140,5063153
2025-10-01,TLKM,3017,3119,2980,3062,72010991
2025-10-02,ANTM,1678,1680,1601,1630,87365252
2025-10-02,ASII,4926,4978,4841,4939,26010264
2025-10-02,BBRI,4430,4566,4366,4561,58685859
2025-10-02,BRPT,1129,1142,1110,1136,70059160
2025-10-02,TLKM,3049,3069,2976,3003,54707388
2025-10-03,ANTM,1647,1651,1593,1614,38575241
2025-10-03,ASII,4967,5044,4885,4990,18024364
2025-10-03,BBRI,4591,4635,4431,4481,49151412
2025-10-03,BRPT,1125,1140,1118,1134,38215805
2025-10-03,TLKM,2996,3037,2898,2954,85343171
2025-10-06,ANTM,1601,1614,1571,1590,62518691
2025-10-06,ASII,5000,5099,4896,4992,72435115
2025-10-06,BBRI,4454,4557,4369,4554,63261477
2025-10-06,BRPT,1145,1161,1124,1130,83317479
2025-10-06,TLKM,2931,2947,2833,2872,48587565
2025-10-07,ANTM,1601,1633,1570,1608,6431475
2025-10-07,ASII,4944,4957,4880,4935,64919058
2025-10-07,BBRI,4519,4579,4517,4557,24208540
2025-10-07,BRPT,1123,1165,1121,1143,44383640
2025-10-07,TLKM,2869,2904,2814,2896,25149543
2025-10-08,ANTM,1611,1629,1572,1601,55786535
2025-10-08,ASII,4916,5086,4821,5069,60786294
2025-10-08,BBRI,4529,4770,4482,4689,72890313
2025-10-08,BRPT,1131,1141,1107,1129,33567247
2025-10-08,TLKM,2930,2972,2866,2912,12339411
2025-10-09,ANTM,1617,1620,1606,1611,72022820
2025-10-09,ASII,5076,5288,5020,5199,37984512
2025-10-09,BBRI,4718,4852,4668,4823,11089949
2025-10-09,BRPT,1116,1124,1087,1101,77796561
2025-10-09,TLKM,2929,3008,2878,2993,29209034
2025-10-10,ANTM,1606,1648,1591,1616,5729495
2025-10-10,ASII,5182,5295,5166,5224,25969969
2025-10-10,BBRI,4784,4869,4753,4831,45995887
2025-10-10,BRPT,1107,1125,1098,1109,83391609
2025-10-10,TLKM,2965,2970,2892,2921,29563980
2025-10-13,ANTM,1604,1629,1569,1571,57002720
2025-10-13,ASII,5282,5344,5062,5154,39734229
2025-10-13,BBRI,4879,4934,4631,4705,44687468
2025-10-13,BRPT,1117,1160,1106,1141,62368657
2025-10-13,TLKM,2947,2949,2931,2944,55148833
2025-10-14,ANTM,1556,1586,1525,1541,88998934
2025-10-14,ASII,5195,5287,5170,5243,6448555
2025-10-14,BBRI,4673,4765,4658,4708,41370512
2025-10-14,BRPT,1137,1173,1117,1167,58160021
2025-10-14,TLKM,2974,2990,2880,2909,23834697
2025-10-15,ANTM,1544,1599,1538,1583,5238816
2025-10-15,ASII,5259,5259,5193,5232,71913180
2025-10-15,BBRI,4722,4812,4575,4667,2905126
2025-10-15,BRPT,1159,1182,1154,1175,72417345
2025-10-15,TLKM,2937,2993,2876,2910,56835294
2025-10-16,ANTM,1583,1640,1567,1611,43244927
2025-10-16,ASII,5268,5410,5251,5340,12042696
2025-10-16,BBRI,4651,4683,4515,4548,11643042
2025-10-16,BRPT,1164,1206,1158,1185,65165418
2025-10-16,TLKM,2903,2957,2823,2830,43583909
2025-10-17,ANTM,1592,1603,1579,1592,47139001
2025-10-17,ASII,5399,5447,5290,5380,41243664
2025-10-17,BBRI,4569,4637,4529,4538,15979665
2025-10-17,BRPT,1190,1210,1189,1202,55304897
2025-10-17,TLKM,2803,2859,2758,2814,74055468
2025-10-20,ANTM,1576,1615,1545,1615,67017127
2025-10-20,ASII,5415,5587,5332,5497,83812854
2025-10-20,BBRI,4490,4553,4420,4431,72366495
2025-10-20,BRPT,1199,1222,1185,1220,64792196
2025-10-20,TLKM,2830,2843,2717,2764,71161513
2025-10-21,ANTM,1615,1638,1547,1571,58496388
2025-10-21,ASII,5559,5649,5516,5544,26306401
2025-10-21,BBRI,4482,4572,4426,4563,61885226
2025-10-21,BRPT,1223,1231,1190,1213,13008541
2025-10-21,TLKM,2736,2806,2714,2806,50582694
2025-10-22,ANTM,1577,1597,1529,1550,73890405
2025-10-22,ASII,5540,5739,5438,5688,36060986
2025-10-22,BBRI,4587,4644,4444,4512,6018474
2025-10-22,BRPT,1220,1239,1180,1184,21961648
2025-10-22,TLKM,2793,2826,2750,2770,74092056
2025-10-23,ANTM,1545,1585,1528,1576,53082186
2025-10-23,ASII,5667,5860,5604,5788,59798477
2025-10-23,BBRI,4482,4560,4407,4469,42106064
2025-10-23,BRPT,1198,1232,1195,1215,35474157
2025-10-23,TLKM,2762,2798,2736,2782,79797061
2025-10-24,ANTM,1561,1577,1538,1539,33050127
2025-10-24,ASII,5753,5905,5692,5884,78287568
2025-10-24,BBRI,4487,4503,4360,4445,69257483
2025-10-24,BRPT,1220,1225,1178,1199,74903095
2025-10-24,TLKM,2804,2844,2708,2753,80701998
2025-10-27,ANTM,1546,1547,1492,1501,71961400
2025-10-27,ASII,5860,5914,5717,5736,37468354
2025-10-27,BBRI,4467,4515,4404,4450,86667278
2025-10-27,BRPT,1211,1213,1183,1200,13479410
2025-10-27,TLKM,2720,2743,2643,2690,45074865
2025-10-28,ANTM,1511,1532,1489,1505,65975280
2025-10-28,ASII,5716,5806,5574,5664,71334878
2025-10-28,BBRI,4468,4582,4408,4530,62456057
2025-10-28,BRPT,1197,1217,1148,1169,29506523
2025-10-28,TLKM,2685,2735,2627,2632,39223238
2025-10-29,ANTM,1487,1559,1464,1538,52114129
2025-10-29,ASII,5689,5812,5658,5802,10737617
2025-10-29,BBRI,4526,4583,4368,4422,64894876
2025-10-29,BRPT,1178,1178,1129,1140,47040153
2025-10-29,TLKM,2645,2694,2581,2609,44232610
2025-10-30,ANTM,1544,1599,1516,1576,16854148
2025-10-30,ASII,5747,5815,5564,5647,17951074
2025-10-30,BBRI,4432,4484,4265,4351,78692433
2025-10-30,BRPT,1133,1138,1100,1112,30922219
2025-10-30,TLKM,2605,2660,2586,2613,36961477
2025-10-31,ANTM,1569,1587,1552,1582,46722701
2025-10-31,ASII,5687,5791,5629,5668,43097070
2025-10-31,BBRI,4335,4397,4169,4229,86762897
2025-10-31,BRPT,1100,1153,1080,1136,13385714
2025-10-31,TLKM,2598,2686,2592,2651,3843429
2025-11-03,ANTM,1599,1615,1583,1603,15297596
2025-11-03,ASII,5639,5835,5533,5825,69936903
2025-11-03,BBRI,4215,4342,4161,4296,51659032
2025-11-03,BRPT,1133,1183,1123,1166,48616167
2025-11-03,TLKM,2636,2650,2551,2596,20917091
2025-11-04,ANTM,1594,1625,1552,1561,17461538
2025-11-04,ASII,5854,5948,5611,5693,3988540
2025-11-04,BBRI,4325,4333,4165,4229,83863418
2025-11-04,BRPT,1162,1173,1133,1152,87533882
2025-11-04,TLKM,2607,2631,2535,2580,24580524
2025-11-05,ANTM,1556,1586,1509,1534,21851214
2025-11-05,ASII,5730,5881,5692,5846,25682514
2025-11-05,BBRI,4264,4336,4187,4221,67544582
2025-11-05,BRPT,1164,1168,1131,1152,86628809
2025-11-05,TLKM,2574,2691,2524,2639,80148879
2025-11-06,ANTM,1532,1539,1512,1520,25113561
2025-11-06,ASII,5798,5834,5668,5682,67904778
2025-11-06,BBRI,4211,4402,4190,4343,62174150
2025-11-06,BRPT,1154,1200,1147,1184,16257038
2025-11-06,TLKM,2634,2645,2573,2615,27553870
2025-11-07,ANTM,1520,1539,1503,1509,32810250
2025-11-07,ASII,5651,5779,5553,5714,59889524
2025-11-07,BBRI,4291,4484,4211,4410,20940133
2025-11-07,BRPT,1186,1200,1146,1163,77944123
2025-11-07,TLKM,2616,2642,2610,2627,38438835
2025-11-10,ANTM,1497,1533,1485,1526,1621152
2025-11-10,ASII,5687,5847,5629,5834,66749942
2025-11-10,BBRI,4456,4460,4383,4451,76689455
2025-11-10,BRPT,1172,1199,1154,1183,39323612
2025-11-10,TLKM,2599,2623,2559,2586,89524688
2025-11-11,ANTM,1521,1544,1512,1521,34335333
2025-11-11,ASII,5788,5852,5716,5835,40609878
2025-11-11,BBRI,4418,4470,4365,4394,87872755
2025-11-11,BRPT,1196,1212,1170,1176,16020153
2025-11-11,TLKM,2603,2665,2587,2653,56686349
2025-11-12,ANTM,1508,1522,1482,1496,24793960
2025-11-12,ASII,5833,5880,5674,5765,53178815
2025-11-12,BBRI,4387,4471,4301,4387,78906229
2025-11-12,BRPT,1183,1195,1168,1172,85690267
2025-11-12,TLKM,2632,2664,2583,2589,67135671
2025-11-13,ANTM,1488,1534,1484,1518,46707581
2025-11-13,ASII,5788,5803,5562,5604,53451385
2025-11-13,BBRI,4377,4435,4345,4367,27068726
2025-11-13,BRPT,1171,1211,1169,1202,21096623
2025-11-13,TLKM,2590,2697,2562,2663,21654973
2025-11-14,ANTM,1512,1582,1500,1552,58129422
2025-11-14,ASII,5630,5715,5603,5683,33497015
2025-11-14,BBRI,4365,4368,4221,4301,32360221
2025-11-14,BRPT,1201,1223,1172,1188,77491437
2025-11-14,TLKM,2645,2729,2631,2706,58201181
2025-11-17,ANTM,1537,1598,1512,1594,39857357
2025-11-17,ASII,5634,5788,5541,5779,20559523
2025-11-17,BBRI,4277,4283,4115,4188,71639932
2025-11-17,BRPT,1186,1217,1175,1211,36404103
2025-11-17,TLKM,2696,2737,2657,2711,68834141
2025-11-18,ANTM,1589,1606,1584,1589,6719511
2025-11-18,ASII,5715,5890,5702,5872,67738473
2025-11-18,BBRI,4205,4216,4101,4177,21684651
2025-11-18,BRPT,1200,1233,1176,1228,80450165
2025-11-18,TLKM,2707,2763,2670,2755,29499309
2025-11-19,ANTM,1577,1640,1559,1610,70771259
2025-11-19,ASII,5855,5937,5750,5829,1511951
2025-11-19,BBRI,4148,4266,4136,4224,32425525
2025-11-19,BRPT,1240,1240,1200,1202,50230262
2025-11-19,TLKM,2785,2862,2776,2831,10880280
2025-11-20,ANTM,1624,1657,1593,1637,49497326
2025-11-20,ASII,5861,5861,5696,5801,41771478
2025-11-20,BBRI,4178,4314,4155,4303,74224279
2025-11-20,BRPT,1207,1254,1198,1233,34087505
2025-11-20,TLKM,2807,2931,2782,2882,72506539
2025-11-21,ANTM,1656,1672,1629,1652,49367974
2025-11-21,ASII,5781,5904,5749,5806,8400825
2025-11-21,BBRI,4350,4366,4199,4224,86963757
2025-11-21,BRPT,1234,1275,1213,1257,1970046
2025-11-21,TLKM,2854,2952,2809,2908,34717067
2025-11-24,ANTM,1647,1718,1635,1692,64425361
2025-11-24,ASII,5747,5937,5730,5904,53947708
2025-11-24,BBRI,4228,4268,4156,4249,59026469
2025-11-24,BRPT,1242,1299,1239,1293,60178913
2025-11-24,TLKM,2913,2925,2824,2846,77281027
2025-11-25,ANTM,1678,1678,1653,1665,7607368
2025-11-25,ASII,5897,5922,5850,5893,49892832
2025-11-25,BBRI,4269,4365,4192,4355,38643697
2025-11-25,BRPT,1282,1288,1259,1281,1431286
2025-11-25,TLKM,2826,2867,2777,2855,8771025
2025-11-26,ANTM,1681,1710,1664,1682,5322039
2025-11-26,ASII,5937,6004,5771,5859,12220230
2025-11-26,BBRI,4327,4341,4238,4313,58678999
2025-11-26,BRPT,1275,1319,1267,1300,68259639
2025-11-26,TLKM,2871,2952,2869,2905,36781249
2025-11-27,ANTM,1678,1710,1657,1677,80806420
2025-11-27,ASII,5845,5878,5760,5836,73758598
2025-11-27,BBRI,4335,4364,4196,4197,26025803
2025-11-27,BRPT,1290,1293,1275,1280,84844550
2025-11-27,TLKM,2873,3005,2827,2956,12972033
2025-11-28,ANTM,1692,1752,1660,1725,28437844
2025-11-28,ASII,5876,5878,5756,5821,10709403
2025-11-28,BBRI,4235,4300,4162,4256,83274187
2025-11-28,BRPT,1272,1305,1270,1286,20632476
2025-11-28,TLKM,2988,3043,2920,2951,81487403
2025-12-01,ANTM,1742,1777,1711,1748,49578104
2025-12-01,ASII,5795,6024,5697,5916,54516326
2025-12-01,BBRI,4236,4330,4223,4319,64440675
2025-12-01,BRPT,1278,1326,1270,1307,88482502
2025-12-01,TLKM,2931,2984,2928,2943,42059034
2025-12-02,ANTM,1750,1823,1743,1791,22305818
2025-12-02,ASII,5892,5899,5758,5830,63562030
2025-12-02,BBRI,4271,4483,4212,4427,36307164
2025-12-02,BRPT,1318,1340,1303,1330,80209049
2025-12-02,TLKM,2950,2951,2822,2871,63609235
2025-12-03,ANTM,1789,1816,1786,1800,61046500
2025-12-03,ASII,5767,5821,5697,5744,57321931
2025-12-03,BBRI,4460,4506,4366,4417,61932783
2025-12-03,BRPT,1321,1343,1308,1318,48268827
2025-12-03,TLKM,2895,2947,2858,2886,27941055
2025-12-04,ANTM,1799,1820,1761,1795,76410473
2025-12-04,ASII,5734,5743,5680,5689,73704371
2025-12-04,BBRI,4414,4556,4363,4468,77171929
2025-12-04,BRPT,1316,1335,1285,1296,15153037
2025-12-04,TLKM,2909,2970,2868,2957,65208491
2025-12-05,ANTM,1790,1822,1786,1788,24745201
2025-12-05,ASII,5693,5785,5494,5603,36895290
2025-12-05,BBRI,4464,4652,4407,4594,39447476
2025-12-05,BRPT,1300,1319,1288,1291,81335629
2025-12-05,TLKM,2964,3066,2918,3036,35385876
2025-12-08,ANTM,1808,1817,1720,1754,13685535
2025-12-08,ASII,5555,5805,5476,5708,22589100
2025-12-08,BBRI,4565,4733,4553,4649,38906529
2025-12-08,BRPT,1276,1328,1254,1327,61001339
2025-12-08,TLKM,3013,3075,2986,3028,3464895
2025-12-09,ANTM,1766,1769,1742,1743,48749166
2025-12-09,ASII,5722,5813,5572,5647,55967625
2025-12-09,BBRI,4630,4856,4583,4774,25730847
2025-12-09,BRPT,1335,1347,1313,1343,8756056
2025-12-09,TLKM,3034,3087,2972,3014,77223777
2025-12-10,ANTM,1755,1775,1728,1735,48301613
2025-12-10,ASII,5610,5739,5599,5726,77040234
2025-12-10,BBRI,4749,4756,4594,4663,84452872
2025-12-10,BRPT,1339,1383,1336,1359,51289733
2025-12-10,TLKM,3042,3088,3017,3074,23768816
2025-12-11,ANTM,1739,1771,1690,1716,2858435
2025-12-11,ASII,5737,5855,5685,5774,78036923
2025-12-11,BBRI,4653,4654,4628,4630,45813177
2025-12-11,BRPT,1362,1388,1359,1364,34749295
2025-12-11,TLKM,3064,3181,3058,3146,61590081
2025-12-12,ANTM,1704,1737,1670,1679,11588785
2025-12-12,ASII,5821,5876,5640,5730,66815598
2025-12-12,BBRI,4678,4832,4656,4750,62815081
2025-12-12,BRPT,1349,1359,1322,1343,1921421
2025-12-12,TLKM,3122,3217,3078,3215,14483977
2025-12-15,ANTM,1694,1721,1678,1685,52185825
2025-12-15,ASII,5787,5873,5566,5667,12677954
2025-12-15,BBRI,4803,4821,4705,4788,31072787
2025-12-15,BRPT,1358,1365,1335,1344,39452075
2025-12-15,TLKM,3229,3330,3212,3307,28976569
2025-12-16,ANTM,1698,1712,1655,1657,62017762
2025-12-16,ASII,5688,5757,5640,5739,15575788
2025-12-16,BBRI,4840,4920,4748,4836,2136706
2025-12-16,BRPT,1353,1354,1309,1329,84363846
2025-12-16,TLKM,3275,3445,3267,3385,27983209
2025-12-17,ANTM,1658,1677,1647,1670,732684
2025-12-17,ASII,5769,5804,5575,5664,35261646
2025-12-17,BBRI,4789,4826,4699,4738,59207938
2025-12-17,BRPT,1327,1336,1272,1293,77590121
2025-12-17,TLKM,3386,3462,3371,3459,62405067
2025-12-18,ANTM,1681,1684,1638,1647,2853207
2025-12-18,ASII,5634,5704,5587,5681,44604390
2025-12-18,BBRI,4748,4770,4550,4614,59643644
2025-12-18,BRPT,1296,1300,1266,1269,25742826
2025-12-18,TLKM,3498,3516,3321,3371,34215397
2025-12-19,ANTM,1636,1648,1596,1622,57693899
2025-12-19,ASII,5739,5893,5738,5791,73687957
2025-12-19,BBRI,4660,4668,4513,4550,17117838
2025-12-19,BRPT,1256,1324,1253,1301,26464474
2025-12-19,TLKM,3377,3412,3287,3331,8242271
2025-12-22,ANTM,1603,1636,1601,1607,83956686
2025-12-22,ASII,5832,5832,5777,5820,24064904
2025-12-22,BBRI,4539,4596,4424,4454,26080927
2025-12-22,BRPT,1296,1341,1277,1330,21554947
2025-12-22,TLKM,3292,3431,3258,3387,83738776
2025-12-23,ANTM,1602,1638,1583,1613,72634749
2025-12-23,ASII,5798,5960,5701,5906,46910283
2025-12-23,BBRI,4422,4635,4360,4552,23426961
2025-12-23,BRPT,1322,1336,1288,1299,4846205
2025-12-23,TLKM,3389,3430,3310,3352,59297801
2025-12-24,ANTM,1615,1643,1595,1608,39982750
2025-12-24,ASII,5960,5990,5689,5761,16956687
2025-12-24,BBRI,4599,4712,4533,4647,51568733
2025-12-24,BRPT,1285,1321,1277,1312,17939487
2025-12-24,TLKM,3334,3415,3296,3415,26542828
2025-12-25,ANTM,1605,1654,1588,1623,18164669
2025-12-25,ASII,5735,5979,5664,5894,9301366
2025-12-25,BBRI,4592,4679,4564,4649,72622710
2025-12-25,BRPT,1317,1336,1295,1326,27240455
2025-12-25,TLKM,3438,3505,3325,3345,72193156
2025-12-26,ANTM,1639,1660,1583,1601,27302037
2025-12-26,ASII,5931,6040,5797,5882,54649047
2025-12-26,BBRI,4661,4698,4592,4688,79326628
2025-12-26,BRPT,1318,1346,1312,1333,83518250
2025-12-26,TLKM,3378,3416,3316,3394,23846559
2025-12-29,ANTM,1597,1622,1571,1619,67937409
2025-12-29,ASII,5893,6131,5857,6028,30319056
2025-12-29,BBRI,4674,4828,4606,4788,6404237
2025-12-29,BRPT,1335,1343,1275,1295,79568264
2025-12-29,TLKM,3394,3448,3351,3431,16335095
2025-12-30,ANTM,1601,1687,1586,1659,30900396
2025-12-30,ASII,6098,6119,5921,5980,18814291
2025-12-30,BBRI,4759,4912,4746,4841,36036490
2025-12-30,BRPT,1301,1331,1277,1329,12169820
2025-12-30,TLKM,3451,3485,3343,3402,12881423
2025-12-31,ANTM,1639,1662,1613,1655,65212823
2025-12-31,ASII,5930,6027,5821,5841,24821140
2025-12-31,BBRI,4869,4918,4815,4838,29963018
2025-12-31,BRPT,1333,1382,1312,1359,1619718
2025-12-31,TLKM,3405,3563,3388,3500,25833274
2026-01-01,ANTM,1642,1683,1629,1679,34272807
2026-01-01,ASII,5859,5974,5743,5859,78906140
2026-01-01,BBRI,4883,5016,4845,4930,26311998
2026-01-01,BRPT,1371,1380,1330,1334,28316666
2026-01-01,TLKM,3540,3588,3365,3414,65041901
2026-01-02,ANTM,1683,1718,1662,1716,35044214
2026-01-02,ASII,5837,5909,5672,5784,71999135
2026-01-02,BBRI,4932,4952,4891,4918,27719441
2026-01-02,BRPT,1338,1353,1321,1338,7623754
2026-01-02,TLKM,3399,3482,3389,3450,16373637
2026-01-05,ANTM,1717,1775,1702,1747,76104689
2026-01-05,ASII,5776,5871,5697,5750,29574663
2026-01-05,BBRI,4877,4916,4829,4876,29031786
2026-01-05,BRPT,1342,1366,1311,1330,76249595
2026-01-05,TLKM,3452,3515,3386,3429,71666544
2026-01-06,ANTM,1749,1772,1705,1735,49261607
2026-01-06,ASII,5721,5907,5630,5831,9330991
2026-01-06,BBRI,4850,4885,4753,4784,50164214
2026-01-06,BRPT,1318,1352,1294,1351,54759437
2026-01-06,TLKM,3448,3453,3319,3358,3000606
2026-01-07,ANTM,1724,1777,1721,1743,76101591
2026-01-07,ASII,5891,5977,5778,5830,18380149
2026-01-07,BBRI,4804,4822,4624,4689,29083371
2026-01-07,BRPT,1345,1367,1336,1353,39329337
2026-01-07,TLKM,3368,3382,3227,3288,47701446
2026-01-08,ANTM,1744,1770,1689,1694,71446903
2026-01-08,ASII,5812,5947,5805,5897,87514932
2026-01-08,BBRI,4725,4779,4670,4671,53419632
2026-01-08,BRPT,1336,1352,1315,1320,55248011
2026-01-08,TLKM,3268,3383,3203,3372,39687079
2026-01-09,ANTM,1703,1738,1677,1733,15226298
2026-01-09,ASII,5918,6077,5868,6017,20423688
2026-01-09,BBRI,4688,4762,4612,4731,74902744
2026-01-09,BRPT,1320,1344,1295,1334,69148798
2026-01-09,TLKM,3341,3384,3316,3383,54468724
2026-01-12,ANTM,1715,1753,1685,1736,14475356
2026-01-12,ASII,5989,6184,5881,6145,47845086
2026-01-12,BBRI,4761,4784,4652,4664,20645132
2026-01-12,BRPT,1335,1365,1309,1355,12072212
2026-01-12,TLKM,3376,3423,3329,3359,76683860
2026-01-13,ANTM,1720,1743,1686,1697,35582678
2026-01-13,ASII,6109,6183,6052,6181,61512358
2026-01-13,BBRI,4621,4622,4520,4574,68706702
2026-01-13,BRPT,1344,1363,1308,1322,67878584
2026-01-13,TLKM,3350,3362,3278,3342,3642614
2026-01-14,ANTM,1698,1704,1621,1649,47078343
2026-01-14,ASII,6120,6260,6029,6197,40078813
2026-01-14,BBRI,4585,4699,4574,4644,37618157
2026-01-14,BRPT,1330,1346,1296,1304,70367220
2026-01-14,TLKM,3358,3389,3344,3346,26635259
2026-01-15,ANTM,1659,1690,1629,1686,85886339
2026-01-15,ASII,6224,6490,6190,6375,41240358
2026-01-15,BBRI,4690,4801,4666,4711,5462387
2026-01-15,BRPT,1304,1329,1287,1304,53150449
2026-01-15,TLKM,3318,3373,3277,3297,88597097
2026-01-16,ANTM,1699,1715,1655,1674,45009959
2026-01-16,ASII,6376,6654,6301,6556,4477497
2026-01-16,BBRI,4766,4857,4688,4764,68149453
2026-01-16,BRPT,1311,1325,1262,1281,9164150
2026-01-16,TLKM,3307,3307,3234,3282,35772651
2026-01-19,ANTM,1686,1717,1683,1713,36218529
2026-01-19,ASII,6602,6774,6581,6653,78438748
2026-01-19,BBRI,4789,4858,4707,4713,73702989
2026-01-19,BRPT,1279,1279,1228,1247,77874439
2026-01-19,TLKM,3271,3305,3233,3260,60775465
2026-01-20,ANTM,1696,1770,1667,1747,70576113
2026-01-20,ASII,6673,6793,6638,6645,77783115
2026-01-20,BBRI,4681,4811,4641,4778,41752669
2026-01-20,BRPT,1240,1244,1196,1213,32356377
2026-01-20,TLKM,3257,3300,3201,3244,9710568
2026-01-21,ANTM,1741,1788,1730,1775,7992895
2026-01-21,ASII,6572,6710,6482,6710,27853284
2026-01-21,BBRI,4742,4791,4732,4773,7416936
2026-01-21,BRPT,1225,1244,1198,1209,75082895
2026-01-21,TLKM,3238,3263,3150,3214,88372678
2026-01-22,ANTM,1754,1821,1748,1806,52033902
2026-01-22,ASII,6704,6931,6643,6872,76880480
2026-01-22,BBRI,4798,4807,4663,4688,6120735
2026-01-22,BRPT,1212,1212,1168,1184,38624586
2026-01-22,TLKM,3232,3314,3215,3271,6587328
2026-01-23,ANTM,1806,1840,1777,1807,11489455
2026-01-23,ASII,6833,6944,6773,6790,40657311
2026-01-23,BBRI,4725,4902,4633,4807,39614003
2026-01-23,BRPT,1176,1211,1160,1210,40847956
2026-01-23,TLKM,3293,3385,3270,3359,63460764
2026-01-26,ANTM,1800,1851,1781,1850,27211291
2026-01-26,ASII,6808,6891,6699,6731,52375667
2026-01-26,BBRI,4793,4836,4757,4764,24745492
2026-01-26,BRPT,1217,1254,1208,1237,83275532
2026-01-26,TLKM,3352,3473,3304,3450,88701590
2026-01-27,ANTM,1865,1873,1817,1832,12404279
2026-01-27,ASII,6696,6796,6520,6643,7504803
2026-01-27,BBRI,4786,4861,4702,4825,33702050
2026-01-27,BRPT,1246,1266,1232,1266,43620852
2026-01-27,TLKM,3458,3517,3393,3407,46598988
2026-01-28,ANTM,1831,1839,1823,1827,8078477
2026-01-28,ASII,6644,6772,6537,6761,57309852
2026-01-28,BBRI,4848,4924,4717,4726,72445091
2026-01-28,BRPT,1255,1282,1254,1263,63703841
2026-01-28,TLKM,3377,3386,3342,3376,1883360
2026-01-29,ANTM,1806,1820,1762,1788,65443769
2026-01-29,ASII,6700,7007,6589,6950,81298381
2026-01-29,BBRI,4755,4796,4669,4731,19274310
2026-01-29,BRPT,1270,1305,1259,1287,60137739
2026-01-29,TLKM,3354,3443,3315,3434,50818309
2026-01-30,ANTM,1781,1849,1756,1815,42480084
2026-01-30,ASII,6991,7126,6901,7124,83808368
2026-01-30,BBRI,4781,4847,4656,4667,25534982
2026-01-30,BRPT,1293,1296,1253,1262,14490628
2026-01-30,TLKM,3402,3462,3342,3461,15680349
2026-02-02,ANTM,1819,1830,1778,1783,40975522
2026-02-02,ASII,7180,7408,7147,7275,70935087
2026-02-02,BBRI,4643,4710,4619,4678,31835581
2026-02-02,BRPT,1266,1278,1263,1278,54359654
2026-02-02,TLKM,3434,3587,3377,3543,5778729
2026-02-03,ANTM,1768,1799,1700,1735,35908831
2026-02-03,ASII,7341,7554,7224,7488,70637160
2026-02-03,BBRI,4695,4725,4517,4606,30015541
2026-02-03,BRPT,1274,1286,1255,1276,32672257
2026-02-03,TLKM,3548,3588,3446,3480,42397072
2026-02-04,ANTM,1743,1747,1702,1731,20180539
2026-02-04,ASII,7525,7668,7470,7610,70255020
2026-02-04,BBRI,4628,4693,4496,4565,65648604
2026-02-04,BRPT,1265,1279,1248,1271,56360432
2026-02-04,TLKM,3474,3495,3388,3453,22940008
2026-02-05,ANTM,1717,1761,1701,1752,39542347
2026-02-05,ASII,7532,7560,7320,7437,44408179
2026-02-05,BBRI,4566,4642,4498,4552,62466773
2026-02-05,BRPT,1286,1289,1273,1274,55690624
2026-02-05,TLKM,3434,3595,3376,3535,80415459
2026-02-06,ANTM,1755,1810,1726,1799,78045844
2026-02-06,ASII,7462,7493,7282,7304,3001209
2026-02-06,BBRI,4533,4678,4463,4608,14056253
2026-02-06,BRPT,1274,1311,1273,1288,8650098
2026-02-06,TLKM,3542,3603,3463,3530,20774059
2026-02-09,ANTM,1816,1829,1777,1794,22192608
2026-02-09,ASII,7295,7429,7289,7406,41480233
2026-02-09,BBRI,4561,4716,4470,4655,43894047
2026-02-09,BRPT,1278,1296,1264,1272,9940645
2026-02-09,TLKM,3536,3536,3376,3431,31709335
2026-02-10,ANTM,1797,1806,1772,1778,66401181
2026-02-10,ASII,7321,7501,7273,7482,68449465
2026-02-10,BBRI,4639,4741,4557,4689,30877170
2026-02-10,BRPT,1271,1302,1263,1295,69911629
2026-02-10,TLKM,3470,3525,3296,3338,55234262
2026-02-11,ANTM,1760,1815,1754,1791,16053194
2026-02-11,ASII,7399,7656,7350,7513,22324571
2026-02-11,BBRI,4663,4727,4626,4661,27065144
2026-02-11,BRPT,1303,1325,1278,1302,40371215
2026-02-11,TLKM,3369,3412,3309,3355,37721960
2026-02-12,ANTM,1770,1772,1755,1761,65161913
2026-02-12,ASII,7478,7521,7455,7521,38503277
2026-02-12,BBRI,4655,4754,4597,4662,80172785
2026-02-12,BRPT,1293,1303,1263,1268,43237280
2026-02-12,TLKM,3360,3501,3341,3441,57022509
2026-02-13,ANTM,1762,1776,1752,1771,3463164
2026-02-13,ASII,7577,7697,7456,7663,17074342
2026-02-13,BBRI,4650,4685,4555,4615,34054242
2026-02-13,BRPT,1260,1267,1222,1238,84070197
2026-02-13,TLKM,3425,3454,3406,3447,71869420
2026-02-16,ANTM,1763,1773,1735,1742,74663532
2026-02-16,ASII,7580,7698,7415,7517,83939727
2026-02-16,BBRI,4664,4706,4652,4664,81533881
2026-02-16,BRPT,1235,1278,1217,1257,66491369
2026-02-16,TLKM,3436,3535,3404,3476,54846596
2026-02-17,ANTM,1760,1781,1689,1722,61390602
2026-02-17,ASII,7570,7649,7286,7431,58655586
2026-02-17,BBRI,4634,4847,4576,4776,56743073
2026-02-17,BRPT,1247,1253,1243,1249,73515692
2026-02-17,TLKM,3480,3560,3449,3541,12228945
2026-02-18,ANTM,1718,1761,1702,1758,24018091
2026-02-18,ASII,7379,7649,7257,7564,44326186
2026-02-18,BBRI,4724,4917,4646,4855,32052916
2026-02-18,BRPT,1263,1283,1200,1218,62688905
2026-02-18,TLKM,3545,3612,3479,3521,52394796
2026-02-19,ANTM,1753,1791,1732,1771,7906472
2026-02-19,ASII,7477,7830,7332,7692,53315424
2026-02-19,BBRI,4889,5042,4806,4955,45570478
2026-02-19,BRPT,1211,1216,1190,1209,50149708
2026-02-19,TLKM,3521,3582,3460,3487,22905822
2026-02-20,ANTM,1750,1831,1748,1811,27786867
2026-02-20,ASII,7772,7959,7728,7840,2488466
2026-02-20,BBRI,4977,5040,4913,5026,39509382
2026-02-20,BRPT,1200,1230,1193,1211,86224460
2026-02-20,TLKM,3522,3585,3422,3461,68155306
2026-02-23,ANTM,1820,1838,1747,1761,36449448
2026-02-23,ASII,7874,7964,7758,7848,30029508
2026-02-23,BBRI,4996,5138,4897,5086,35778319
2026-02-23,BRPT,1206,1234,1183,1221,48350959
2026-02-23,TLKM,3479,3513,3393,3422,1738764
2026-02-24,ANTM,1764,1818,1762,1793,33863137
2026-02-24,ASII,7783,8071,7697,7917,2882517
2026-02-24,BBRI,5057,5269,5045,5200,13198198
2026-02-24,BRPT,1209,1242,1207,1235,44728983
2026-02-24,TLKM,3458,3506,3451,3474,35446210
2026-02-25,ANTM,1806,1833,1784,1809,64713132
2026-02-25,ASII,7825,7979,7756,7977,85367890
2026-02-25,BBRI,5236,5335,5224,5247,69599381
2026-02-25,BRPT,1237,1259,1215,1219,25405119
2026-02-25,TLKM,3466,3508,3409,3458,26603522
2026-02-26,ANTM,1817,1818,1775,1781,64705436
2026-02-26,ASII,7981,8034,7837,7981,57435814
2026-02-26,BBRI,5228,5328,5197,5237,81316551
2026-02-26,BRPT,1214,1228,1195,1205,65574589
2026-02-26,TLKM,3430,3558,3402,3542,58975170
2026-02-27,ANTM,1798,1839,1788,1828,55299236
2026-02-27,ASII,7995,8152,7870,7992,82377333
2026-02-27,BBRI,5207,5221,5036,5095,1533558
2026-02-27,BRPT,1218,1233,1164,1175,12657542
2026-02-27,TLKM,3574,3579,3483,3508,18840146
2026-03-02,ANTM,1835,1857,1834,1852,77432634
2026-03-02,ASII,7915,8309,7906,8220,19316522
2026-03-02,BBRI,5067,5229,4967,5224,72589106
2026-03-02,BRPT,1165,1182,1162,1180,14951643
2026-03-02,TLKM,3534,3567,3418,3424,25704362
2026-03-03,ANTM,1831,1900,1813,1896,72582672
2026-03-03,ASII,8245,8395,7985,8148,73363785
2026-03-03,BBRI,5213,5317,5177,5264,80282810
2026-03-03,BRPT,1168,1193,1149,1179,22497045
2026-03-03,TLKM,3430,3522,3406,3487,16081500
2026-03-04,ANTM,1898,1952,1889,1931,76562217
2026-03-04,ASII,8218,8334,8058,8147,48215788
2026-03-04,BBRI,5268,5399,5229,5367,20004111
2026-03-04,BRPT,1186,1189,1139,1153,71317132
2026-03-04,TLKM,3493,3525,3454,3458,64006336
2026-03-05,ANTM,1932,1989,1900,1975,16976048
2026-03-05,ASII,8061,8203,7900,8083,68666037
2026-03-05,BBRI,5318,5397,5279,5374,67919322
2026-03-05,BRPT,1161,1172,1122,1142,33604128
2026-03-05,TLKM,3458,3490,3444,3480,47770823
2026-03-06,ANTM,1986,2026,1967,2010,86476968
2026-03-06,ASII,8171,8174,8027,8069,5028577
2026-03-06,BBRI,5359,5453,5278,5452,37359516
2026-03-06,BRPT,1128,1176,1111,1167,17979016
2026-03-06,TLKM,3447,3531,3401,3500,3934232
2026-03-09,ANTM,2031,2056,1975,1989,4818599
2026-03-09,ASII,8023,8139,7888,7896,45499055
2026-03-09,BBRI,5451,5569,5390,5465,79574070
2026-03-09,BRPT,1174,1195,1171,1193,88839254
2026-03-09,TLKM,3522,3577,3420,3485,23502448
2026-03-10,ANTM,1979,1989,1970,1971,10838745
2026-03-10,ASII,7840,7929,7827,7920,31559758
2026-03-10,BBRI,5437,5511,5334,5432,18695946
2026-03-10,BRPT,1195,1229,1188,1227,71223646
2026-03-10,TLKM,3517,3520,3396,3426,16014727
2026-03-11,ANTM,1948,1954,1909,1926,39316746
2026-03-11,ASII,7945,8050,7837,8042,79600522
2026-03-11,BBRI,5420,5573,5413,5566,5233862
2026-03-11,BRPT,1235,1256,1213,1216,36720671
2026-03-11,TLKM,3452,3471,3449,3460,63927547
2026-03-12,ANTM,1921,1964,1888,1932,52331847
2026-03-12,ASII,7971,8267,7924,8261,87342446
2026-03-12,BBRI,5567,5628,5393,5479,7679987
2026-03-12,BRPT,1229,1238,1180,1184,87231108
2026-03-12,TLKM,3478,3497,3442,3460,69056284
2026-03-13,ANTM,1931,1992,1894,1969,53828398
2026-03-13,ASII,8335,8480,8214,8341,57387136
2026-03-13,BBRI,5444,5529,5420,5449,60086220
2026-03-13,BRPT,1193,1205,1141,1160,7142290
2026-03-13,TLKM,3492,3522,3385,3401,41540612
2026-03-16,ANTM,1972,2034,1969,2027,51996579
2026-03-16,ASII,8263,8381,8113,8223,86727519
2026-03-16,BBRI,5503,5537,5408,5536,11593622
2026-03-16,BRPT,1147,1178,1127,1173,88691207
2026-03-16,TLKM,3389,3439,3300,3366,77188587
2026-03-17,ANTM,2035,2035,1966,1982,64235370
2026-03-17,ASII,8235,8318,8131,8196,68261694
2026-03-17,BBRI,5572,5703,5528,5695,8325552
2026-03-17,BRPT,1182,1187,1163,1181,80704667
2026-03-17,TLKM,3369,3474,3330,3411,66215593
2026-03-18,ANTM,1999,2017,1967,1977,35100960
2026-03-18,ASII,8180,8498,8164,8377,51799394
2026-03-18,BBRI,5687,5748,5566,5609,17269890
2026-03-18,BRPT,1183,1186,1158,1172,21194945
2026-03-18,TLKM,3416,3502,3413,3463,56727677
2026-03-19,ANTM,1985,2012,1933,1956,87233021
2026-03-19,ASII,8317,8375,8187,8301,7787878
2026-03-19,BBRI,5610,5737,5546,5730,14443249
2026-03-19,BRPT,1174,1176,1142,1155,63143791
2026-03-19,TLKM,3430,3549,3372,3544,4474005
2026-03-20,ANTM,1953,1955,1912,1922,48626798
2026-03-20,ASII,8269,8320,8192,8282,20321776
2026-03-20,BBRI,5664,5680,5649,5652,34222079
2026-03-20,BRPT,1145,1159,1141,1144,69039480
2026-03-20,TLKM,3579,3636,3553,3596,28149588
2026-03-23,ANTM,1903,1944,1880,1917,74325041
2026-03-23,ASII,8375,8481,8134,8145,16909236
2026-03-23,BBRI,5682,5849,5663,5751,74623609
2026-03-23,BRPT,1138,1145,1110,1126,32233227
2026-03-23,TLKM,3609,3652,3547,3619,59979744
2026-03-24,ANTM,1929,1953,1884,1903,79997394
2026-03-24,ASII,8174,8497,8101,8377,43576814
2026-03-24,BBRI,5745,5802,5623,5675,36991600
2026-03-24,BRPT,1131,1161,1118,1140,58766388
2026-03-24,TLKM,3611,3740,3571,3684,76898896
2026-03-25,ANTM,1883,1930,1882,1912,77938999
2026-03-25,ASII,8353,8684,8194,8553,27111666
2026-03-25,BBRI,5616,5672,5512,5635,5370857
2026-03-25,BRPT,1142,1158,1116,1137,3640785
2026-03-25,TLKM,3703,3710,3641,3700,37031557
2026-03-26,ANTM,1906,1907,1843,1862,62778432
2026-03-26,ASII,8611,8778,8510,8744,39382419
2026-03-26,BBRI,5667,5768,5565,5585,36058199
2026-03-26,BRPT,1146,1160,1123,1152,31090226
2026-03-26,TLKM,3740,3804,3656,3706,12929425
2026-03-27,ANTM,1876,1887,1844,1851,55455556
2026-03-27,ASII,8833,9068,8661,8959,43672379
2026-03-27,BBRI,5524,5662,5448,5570,50752808
2026-03-27,BRPT,1163,1176,1148,1166,15355915
2026-03-27,TLKM,3684,3805,3628,3754,55485085
2026-03-30,ANTM,1855,1881,1821,1879,35144758
2026-03-30,ASII,9049,9132,8961,9036,28717581
2026-03-30,BBRI,5555,5558,5393,5435,62388062
2026-03-30,BRPT,1163,1163,1134,1154,32468836
2026-03-30,TLKM,3760,3797,3713,3757,56566674
2026-03-31,ANTM,1870,1954,1867,1916,39092636
2026-03-31,ASII,8938,9092,8889,9056,1201809
2026-03-31,BBRI,5425,5557,5326,5486,44710227
2026-03-31,BRPT,1162,1188,1153,1180,79452254
2026-03-31,TLKM,3764,3834,3627,3670,21670825
2026-04-01,ANTM,1931,1952,1898,1933,14309717
2026-04-01,ASII,9130,9333,8952,9152,36586593
2026-04-01,BBRI,5523,5603,5457,5515,42099330
2026-04-01,BRPT,1189,1207,1170,1182,35049187
2026-04-01,TLKM,3698,3780,3677,3729,42868512
2026-04-02,ANTM,1945,1951,1904,1916,13905431
2026-04-02,ASII,9150,9242,8899,8920,38410534
2026-04-02,BBRI,5492,5684,5402,5628,3067761
2026-04-02,BRPT,1192,1214,1160,1164,31226535
2026-04-02,TLKM,3760,3787,3588,3632,58727502
2026-04-03,ANTM,1935,2001,1922,1972,17645816
2026-04-03,ASII,9022,9081,8852,8862,12567679
2026-04-03,BBRI,5667,5696,5496,5590,55072323
2026-04-03,BRPT,1155,1183,1146,1166,80043045
2026-04-03,TLKM,3639,3747,3616,3675,72556603
2026-04-06,ANTM,1967,1987,1902,1918,46899803
2026-04-06,ASII,8965,9003,8859,8979,54411360
2026-04-06,BBRI,5583,5676,5460,5462,47316257
2026-04-06,BRPT,1169,1192,1165,1186,10829453
2026-04-06,TLKM,3663,3754,3602,3739,39014477
2026-04-07,ANTM,1931,1935,1875,1892,34138800
2026-04-07,ASII,8994,9015,8774,8858,41931300
2026-04-07,BBRI,5510,5594,5457,5514,59111445
2026-04-07,BRPT,1172,1191,1165,1172,29776755
2026-04-07,TLKM,3749,3849,3706,3822,17039571
2026-04-08,ANTM,1906,1918,1886,1906,23005579
2026-04-08,ASII,8925,8986,8693,8859,70211143
2026-04-08,BBRI,5470,5566,5423,5435,17368326
2026-04-08,BRPT,1166,1197,1149,1197,2101276
2026-04-08,TLKM,3783,3908,3741,3878,21691346
2026-04-09,ANTM,1887,1913,1833,1865,60028290
2026-04-09,ASII,8801,9222,8729,9117,89133778
2026-04-09,BBRI,5440,5560,5368,5537,81589860
2026-04-09,BRPT,1205,1211,1189,1193,75599590
2026-04-09,TLKM,3890,3911,3746,3817,24268038
2026-04-10,ANTM,1878,1905,1842,1890,89306248
2026-04-10,ASII,9223,9428,9184,9361,33132837
2026-04-10,BBRI,5497,5634,5469,5531,9433212
2026-04-10,BRPT,1198,1209,1166,1172,28792607
2026-04-10,TLKM,3841,3872,3715,3781,26710437
2026-04-13,ANTM,1883,1950,1876,1927,84880382
2026-04-13,ASII,9461,9564,9068,9181,43927358
2026-04-13,BBRI,5543,5644,5492,5504,5812773
2026-04-13,BRPT,1170,1181,1123,1139,1348497
2026-04-13,TLKM,3768,3817,3756,3757,78007096
2026-04-14,ANTM,1939,1961,1884,1917,68523806
2026-04-14,ASII,9096,9233,8933,9216,7976622
2026-04-14,BBRI,5502,5611,5370,5410,1600947
2026-04-14,BRPT,1150,1151,1116,1124,1386971
2026-04-14,TLKM,3766,3834,3700,3759,41530324
2026-04-15,ANTM,1932,1972,1931,1938,20992968
2026-04-15,ASII,9302,9339,9073,9132,72383007
2026-04-15,BBRI,5389,5463,5254,5334,67715992
2026-04-15,BRPT,1127,1127,1077,1098,59174190
2026-04-15,TLKM,3783,3847,3756,3780,4528617
2026-04-16,ANTM,1934,1972,1914,1970,54866393
2026-04-16,ASII,9187,9345,9183,9189,52278225
2026-04-16,BBRI,5333,5424,5323,5401,58266238
2026-04-16,BRPT,1098,1113,1093,1104,70273072
2026-04-16,TLKM,3799,3836,3756,3759,45819792
2026-04-17,ANTM,1961,1994,1955,1975,80157094
2026-04-17,ASII,9206,9239,8926,9016,88145626
2026-04-17,BBRI,5434,5491,5384,5450,24664778
2026-04-17,BRPT,1096,1117,1077,1109,51016841
2026-04-17,TLKM,3772,3802,3704,3756,69573530
2026-04-20,ANTM,1965,2017,1959,2005,60128014
2026-04-20,ASII,9048,9223,8916,9048,81746614
2026-04-20,BBRI,5395,5452,5346,5370,8180186
2026-04-20,BRPT,1113,1120,1078,1095,79952612
2026-04-20,TLKM,3777,3787,3738,3786,25726072
2026-04-21,ANTM,2004,2041,1957,1986,49182857
2026-04-21,ASII,9151,9329,8818,8867,80933908
2026-04-21,BBRI,5333,5426,5190,5228,49993929
2026-04-21,BRPT,1106,1108,1059,1081,1848475
2026-04-21,TLKM,3825,3921,3772,3852,77121018
2026-04-22,ANTM,1982,2035,1972,2020,19394126
2026-04-22,ASII,8769,8985,8670,8909,13328619
2026-04-22,BBRI,5231,5320,5115,5167,8647884
2026-04-22,BRPT,1068,1087,1046,1058,50437437
2026-04-22,TLKM,3868,3906,3810,3889,40101638
2026-04-23,ANTM,2042,2073,2001,2059,79076506
2026-04-23,ASII,8832,9252,8734,9079,43541586
2026-04-23,BBRI,5161,5198,4984,5064,23194791
2026-04-23,BRPT,1052,1063,1038,1050,20989114
2026-04-23,TLKM,3881,3993,3841,3993,6646968
2026-04-24,ANTM,2078,2106,2008,2036,9316018
2026-04-24,ASII,9046,9437,8886,9335,41027528
2026-04-24,BBRI,5022,5221,4926,5209,57071428
2026-04-24,BRPT,1041,1050,1021,1029,66002710
2026-04-24,TLKM,3976,3989,3863,3918,28459768
2026-04-27,ANTM,2058,2095,1987,2019,28904095
2026-04-27,ASII,9399,9427,9096,9121,49410735
2026-04-27,BBRI,5254,5327,5217,5237,55672418
2026-04-27,BRPT,1031,1043,1011,1034,84472987
2026-04-27,TLKM,3920,3943,3849,3935,85579695
2026-04-28,ANTM,2033,2049,1945,1966,49869187
2026-04-28,ASII,9135,9400,9116,9255,11893921
2026-04-28,BBRI,5284,5391,5187,5387,59994201
2026-04-28,BRPT,1029,1052,1014,1034,51656280
2026-04-28,TLKM,3915,4000,3914,3963,85391271
2026-04-29,ANTM,1943,1968,1902,1927,16598855
2026-04-29,ASII,9357,9623,9327,9501,5594742
2026-04-29,BBRI,5405,5620,5361,5522,32029890
2026-04-29,BRPT,1023,1038,1006,1032,11068449
2026-04-29,TLKM,4006,4035,3803,3875,8615073
2026-04-30,ANTM,1917,1989,1914,1960,65551555
2026-04-30,ASII,9392,9797,9381,9702,75759314
2026-04-30,BBRI,5480,5620,5404,5578,40219790
2026-04-30,BRPT,1031,1033,1019,1030,18425461
2026-04-30,TLKM,3908,3917,3746,3782,74849114
2026-05-01,ANTM,1950,2013,1915,1985,9643910
2026-05-01,ASII,9802,9924,9616,9726,56863040
2026-05-01,BBRI,5613,5724,5552,5630,68451861
2026-05-01,BRPT,1019,1069,1006,1056,12787097
2026-05-01,TLKM,3820,3913,3782,3892,14180518
2026-05-04,ANTM,1999,2032,1980,2007,60067281
2026-05-04,ASII,9803,9990,9372,9563,30882177
2026-05-04,BBRI,5632,5810,5619,5739,17782998
2026-05-04,BRPT,1065,1081,1051,1073,72420804
2026-05-04,TLKM,3852,3920,3743,3812,28366802
2026-05-05,ANTM,1999,2008,1957,1983,59061771
2026-05-05,ASII,9613,9831,9475,9651,60369763
2026-05-05,BBRI,5712,5884,5620,5793,45281833
2026-05-05,BRPT,1077,1097,1044,1055,74238704
2026-05-05,TLKM,3812,3812,3769,3781,36996774
2026-05-06,ANTM,1963,2034,1928,2028,18964306
2026-05-06,ASII,9665,9781,9632,9648,15614005
2026-05-06,BBRI,5744,5828,5727,5798,74703055
2026-05-06,BRPT,1067,1068,1045,1059,81375130
2026-05-06,TLKM,3762,3806,3744,3800,28825074
2026-05-07,ANTM,2011,2026,1959,1999,5037712
2026-05-07,ASII,9695,9804,9479,9634,19247955
2026-05-07,BBRI,5851,5858,5624,5703,65113854
2026-05-07,BRPT,1046,1089,1039,1069,5586097
2026-05-07,TLKM,3780,3809,3690,3748,36038170
2026-05-08,ANTM,1979,2011,1917,1951,39141939
2026-05-08,ASII,9524,9880,9491,9820,2630782
2026-05-08,BBRI,5647,5856,5571,5856,27637135
2026-05-08,BRPT,1057,1107,1049,1088,12287330
2026-05-08,TLKM,3727,3727,3631,3647,63662801
2026-05-11,ANTM,1971,1987,1925,1960,49597767
2026-05-11,ASII,9903,10073,9526,9693,21059595
2026-05-11,BBRI,5786,6091,5783,5982,58915066
2026-05-11,BRPT,1078,1092,1047,1069,58421751
2026-05-11,TLKM,3653,3738,3600,3703,53609129
2026-05-12,ANTM,1961,1964,1910,1927,16225372
2026-05-12,ASII,9701,9872,9254,9422,62531485
2026-05-12,BBRI,6041,6124,5836,5838,78163949
2026-05-12,BRPT,1073,1099,1068,1088,23419877
2026-05-12,TLKM,3703,3780,3647,3766,12064209
2026-05-13,ANTM,1947,2005,1909,1967,67879097
2026-05-13,ASII,9345,9566,9164,9453,60837447
2026-05-13,BBRI,5879,5968,5781,5790,88105436
2026-05-13,BRPT,1088,1088,1075,1080,6636673
2026-05-13,TLKM,3724,3824,3720,3810,50832167
2026-05-14,ANTM,1973,2046,1962,2023,66949733
2026-05-14,ASII,9366,9478,9320,9452,69173213
2026-05-14,BBRI,5761,5822,5664,5691,79740486
2026-05-14,BRPT,1089,1102,1068,1072,77971821
2026-05-14,TLKM,3816,3841,3725,3782,73374453
2026-05-15,ANTM,2042,2061,2006,2040,74144589
2026-05-15,ASII,9391,9666,9298,9568,62175267
2026-05-15,BBRI,5651,5890,5562,5849,20636181
2026-05-15,BRPT,1081,1088,1059,1078,74067473
2026-05-15,TLKM,3740,3876,3688,3833,34476348
2026-05-18,ANTM,2037,2081,2011,2042,1394366
2026-05-18,ASII,9543,9614,9435,9451,8079055
2026-05-18,BBRI,5847,6064,5823,5997,59793061
2026-05-18,BRPT,1082,1095,1051,1067,20865040
2026-05-18,TLKM,3823,3921,3817,3854,63400381
2026-05-19,ANTM,2045,2080,2004,2056,79216007
2026-05-19,ASII,9532,9697,9115,9265,42757726
2026-05-19,BBRI,6002,6067,5843,5921,37511481
2026-05-19,BRPT,1063,1080,1035,1054,24723412
2026-05-19,TLKM,3857,3884,3703,3746,51307746
2026-05-20,ANTM,2034,2068,1980,2007,36669304
2026-05-20,ASII,9211,9370,8979,9116,75171602
2026-05-20,BBRI,5877,6010,5818,5967,9782496
2026-05-20,BRPT,1063,1082,1036,1052,17345705
2026-05-20,TLKM,3790,3834,3724,3759,17535469
2026-05-21,ANTM,2028,2032,1967,1982,59782469
2026-05-21,ASII,9109,9140,8811,8879,34397914
2026-05-21,BBRI,6004,6225,5931,6133,57213210
2026-05-21,BRPT,1055,1066,1041,1049,79812545
2026-05-21,TLKM,3800,3852,3696,3730,6874454
2026-05-22,ANTM,2000,2035,1993,1997,47258568
2026-05-22,ASII,8844,9190,8800,9135,55464316
2026-05-22,BBRI,6069,6380,6063,6302,12069722
2026-05-22,BRPT,1049,1060,1016,1021,27581942
2026-05-22,TLKM,3693,3744,3616,3663,17145096
2026-05-25,ANTM,1986,2065,1967,2026,71814017
2026-05-25,ASII,9130,9266,9034,9072,19072369
2026-05-25,BBRI,6323,6400,6096,6187,75132111
2026-05-25,BRPT,1015,1064,997,1046,7256604
2026-05-25,TLKM,3672,3716,3597,3659,30857142
2026-05-26,ANTM,2045,2076,2041,2067,56047750
2026-05-26,ASII,9086,9149,8741,8834,79902637
2026-05-26,BBRI,6192,6196,6184,6192,47509593
2026-05-26,BRPT,1050,1067,1019,1022,41254975
2026-05-26,TLKM,3673,3740,3541,3602,10036078
2026-05-27,ANTM,2076,2101,2066,2067,84651703
2026-05-27,ASII,8758,9124,8626,8990,53142370
2026-05-27,BBRI,6173,6302,6076,6235,31519229
2026-05-27,BRPT,1033,1047,988,1001,78946034
2026-05-27,TLKM,3587,3593,3554,3561,44411687
2026-05-28,ANTM,2054,2129,2021,2102,32393261
2026-05-28,ASII,9073,9131,8964,9105,2982134
2026-05-28,BBRI,6248,6342,6206,6234,57013489
2026-05-28,BRPT,1011,1026,988,1000,89651277
2026-05-28,TLKM,3519,3664,3510,3622,9356735
2026-05-29,ANTM,2125,2154,2051,2073,82385760
2026-05-29,ASII,9098,9516,8917,9377,79383019
2026-05-29,BBRI,6263,6307,6085,6199,32829506
2026-05-29,BRPT,1001,1019,969,983,29157938
2026-05-29,TLKM,3593,3720,3565,3688,86188800
2026-06-01,ANTM,2052,2087,2051,2079,35688325
2026-06-01,ASII,9334,9544,9309,9405,49294367
2026-06-01,BBRI,6208,6250,6016,6095,68469072
2026-06-01,BRPT,973,1013,957,1000,12589847
2026-06-01,TLKM,3688,3702,3612,3628,30083865
2026-06-02,ANTM,2090,2115,1997,2033,67295347
2026-06-02,ASII,9379,9524,9248,9462,22770655
2026-06-02,BBRI,6032,6171,6014,6157,12795513
2026-06-02,BRPT,1008,1043,1005,1023,4494741
2026-06-02,TLKM,3650,3715,3560,3631,89811373
2026-06-03,ANTM,2051,2096,2017,2060,38170291
2026-06-03,ASII,9554,9594,9346,9502,36195878
2026-06-03,BBRI,6192,6210,5924,6031,57398785
2026-06-03,BRPT,1032,1050,1017,1046,80850029
2026-06-03,TLKM,3641,3759,3573,3708,84525725
2026-06-04,ANTM,2069,2069,2020,2041,6566168
2026-06-04,ASII,9562,9723,9326,9359,50146521
2026-06-04,BBRI,6027,6079,5923,5988,9234971
2026-06-04,BRPT,1035,1077,1029,1072,39067156
2026-06-04,TLKM,3728,3806,3672,3800,87332279
2026-06-05,ANTM,2032,2127,2022,2097,7489604
2026-06-05,ASII,9424,9687,9396,9562,19815887
2026-06-05,BBRI,5986,6203,5918,6131,76789213
2026-06-05,BRPT,1063,1089,1053,1073,64310549
2026-06-05,TLKM,3764,3811,3705,3770,5919013
2026-06-08,ANTM,2072,2131,2043,2091,89641132
2026-06-08,ASII,9557,9800,9473,9793,71536468
2026-06-08,BBRI,6098,6253,6018,6226,67168916
2026-06-08,BRPT,1074,1079,1043,1053,78944935
2026-06-08,TLKM,3730,3787,3688,3692,58074182
2026-06-09,ANTM,2080,2120,2051,2097,67411052
2026-06-09,ASII,9907,10043,9795,9995,26281617
2026-06-09,BBRI,6183,6406,6122,6368,46703973
2026-06-09,BRPT,1040,1064,1032,1049,87007057
2026-06-09,TLKM,3681,3802,3659,3731,42850923
2026-06-10,ANTM,2072,2184,2040,2143,75664740
2026-06-10,ASII,10013,10046,9947,10008,69177906
2026-06-10,BBRI,6428,6446,6142,6201,21506086
2026-06-10,BRPT,1057,1061,1052,1057,85558471
2026-06-10,TLKM,3767,3826,3623,3644,48448717
2026-06-11,ANTM,2167,2200,2154,2159,36048174
2026-06-11,ASII,9949,10003,9838,9914,7079394
2026-06-11,BBRI,6226,6315,6197,6202,837345
2026-06-11,BRPT,1045,1053,1023,1028,761434
2026-06-11,TLKM,3658,3749,3656,3734,60660361
2026-06-12,ANTM,2141,2151,2090,2099,51475970
2026-06-12,ASII,9916,10079,9684,9735,65429433
2026-06-12,BBRI,6259,6442,6257,6378,87561786
2026-06-12,BRPT,1016,1023,1012,1015,18746015
2026-06-12,TLKM,3743,3779,3691,3713,18002712
2026-06-15,ANTM,2098,2161,2089,2121,53281395
2026-06-15,ASII,9633,9780,9508,9559,78158774
2026-06-15,BBRI,6405,6436,6113,6199,28628553
2026-06-15,BRPT,1024,1034,981,1001,42239842
2026-06-15,TLKM,3742,3814,3720,3799,37116812
2026-06-16,ANTM,2108,2147,2058,2068,42287041
2026-06-16,ASII,9462,9535,9348,9511,29821530
2026-06-16,BBRI,6176,6197,6097,6159,82637640
2026-06-16,BRPT,994,1017,987,1003,62403210
2026-06-16,TLKM,3833,3834,3772,3816,24469400
2026-06-17,ANTM,2091,2157,2065,2118,12282756
2026-06-17,ASII,9412,9775,9227,9753,47715166
2026-06-17,BBRI,6094,6320,5990,6303,71240559
2026-06-17,BRPT,1009,1022,990,994,55979979
2026-06-17,TLKM,3855,3901,3821,3822,32698278
2026-06-18,ANTM,2112,2183,2074,2171,69334921
2026-06-18,ASII,9863,10207,9753,10039,68107737
2026-06-18,BBRI,6275,6453,6225,6351,51431811
2026-06-18,BRPT,997,1006,964,981,25271054
2026-06-18,TLKM,3790,3910,3778,3837,85678054
2026-06-19,ANTM,2174,2186,2116,2129,42569101
2026-06-19,ASII,10143,10467,10099,10328,70489498
2026-06-19,BBRI,6286,6648,6214,6526,88102957
2026-06-19,BRPT,971,984,954,974,54356335
2026-06-19,TLKM,3837,3872,3706,3759,44246968
2026-06-22,ANTM,2151,2168,2068,2101,63084093
2026-06-22,ASII,10279,10456,10057,10074,48614094
2026-06-22,BBRI,6485,6623,6429,6606,16080745
2026-06-22,BRPT,973,1005,956,999,43113294
2026-06-22,TLKM,3730,3801,3664,3769,16156440
2026-06-23,ANTM,2106,2122,2032,2065,50931862
2026-06-23,ASII,10164,10346,9975,10161,74426758
2026-06-23,BBRI,6574,6723,6446,6705,73834590
2026-06-23,BRPT,997,1038,992,1028,25383500
2026-06-23,TLKM,3798,3814,3796,3809,65988813
2026-06-24,ANTM,2077,2140,2071,2118,20697670
2026-06-24,ASII,10249,10277,9895,10055,9552979
2026-06-24,BBRI,6644,6685,6499,6558,66949887
2026-06-24,BRPT,1020,1042,1011,1028,53570532
2026-06-24,TLKM,3783,3950,3716,3912,54771206
2026-06-25,ANTM,2119,2149,2084,2149,85981019
2026-06-25,ASII,10110,10156,9934,10100,25600619
2026-06-25,BBRI,6586,6672,6468,6538,5114687
2026-06-25,BRPT,1029,1039,1001,1012,54273833
2026-06-25,TLKM,3900,3972,3835,3837,86028308
2026-06-26,ANTM,2148,2182,2114,2129,61968393
2026-06-26,ASII,10018,10446,9987,10319,74798388
2026-06-26,BBRI,6594,6595,6450,6452,49584207
2026-06-26,BRPT,1012,1023,978,998,20884873
2026-06-26,TLKM,3846,3865,3695,3746,43806359
2026-06-29,ANTM,2129,2161,2101,2130,78613515
2026-06-29,ASII,10320,10448,10001,10189,46865058
2026-06-29,BBRI,6444,6478,6265,6293,21951084
2026-06-29,BRPT,996,1015,967,970,59399389
2026-06-29,TLKM,3729,3891,3712,3851,61086373
2026-06-30,ANTM,2123,2149,2088,2132,47883956
2026-06-30,ASII,10126,10199,9906,9987,610194
2026-06-30,BBRI,6308,6472,6238,6355,26224939
2026-06-30,BRPT,973,996,954,994,61910973
2026-06-30,TLKM,3872,3904,3709,3785,9807307
2026-07-01,ANTM,2124,2188,2097,2158,20318075
2026-07-01,ASII,9925,10065,9672,9815,36015146
2026-07-01,BBRI,6333,6466,6206,6445,62222380
2026-07-01,BRPT,1002,1006,985,989,83801712
2026-07-01,TLKM,3749,3931,3748,3858,77921388
2026-07-02,ANTM,2177,2224,2167,2194,38452669
2026-07-02,ASII,9856,9908,9420,9596,74361027
2026-07-02,BBRI,6440,6505,6228,6323,82746371
2026-07-02,BRPT,983,986,949,967,79441424
2026-07-02,TLKM,3879,3895,3869,3888,13624230
2026-07-03,ANTM,2168,2213,2166,2203,77206242
2026-07-03,ASII,9637,9800,9278,9395,66127676
2026-07-03,BBRI,6329,6409,6189,6284,62163115
2026-07-03,BRPT,968,982,950,963,35989395
2026-07-03,TLKM,3858,3951,3803,3950,4068060
2026-07-06,ANTM,2180,2190,2134,2163,66386213
2026-07-06,ASII,9442,9568,9244,9260,7338456
2026-07-06,BBRI,6210,6309,6125,6178,42478405
2026-07-06,BRPT,973,998,966,981,53123784
2026-07-06,TLKM,3986,3996,3897,3918,13930707
2026-07-07,ANTM,2175,2241,2165,2199,42984213
2026-07-07,ASII,9257,9564,9144,9430,10676986
2026-07-07,BBRI,6184,6376,6162,6338,84410839
2026-07-07,BRPT,980,993,942,954,45354367
2026-07-07,TLKM,3917,3923,3813,3883,40256013
2026-07-08,ANTM,2187,2269,2172,2258,38465927
2026-07-08,ASII,9450,9501,9140,9182,66490640
2026-07-08,BBRI,6345,6399,6114,6194,16878229
2026-07-08,BRPT,944,963,942,945,68989070
2026-07-08,TLKM,3846,3909,3760,3826,58427360
2026-07-09,ANTM,2260,2275,2186,2206,14217210
2026-07-09,ASII,9081,9196,9025,9192,62921893
2026-07-09,BBRI,6204,6245,6091,6156,46755339
2026-07-09,BRPT,936,936,919,930,33805710
2026-07-09,TLKM,3787,3824,3721,3808,78580124
2026-07-10,ANTM,2218,2243,2182,2202,76296985
2026-07-10,ASII,9196,9236,9114,9122,83380996
2026-07-10,BBRI,6090,6182,5996,6023,84364702
2026-07-10,BRPT,938,971,936,954,3294024
2026-07-10,TLKM,3801,3878,3738,3806,82549398
2026-07-13,ANTM,2195,2222,2148,2175,29730631
2026-07-13,ASII,9207,9281,9176,9277,10712119
2026-07-13,BBRI,5965,6227,5850,6146,74408030
2026-07-13,BRPT,959,980,953,966,84289829
2026-07-13,TLKM,3807,3821,3764,3800,33649511
2026-07-14,ANTM,2176,2203,2137,2166,75904344
2026-07-14,ASII,9327,9483,9143,9163,26893905
2026-07-14,BBRI,6185,6271,5958,5977,2390595
2026-07-14,BRPT,973,1002,956,991,57792630
2026-07-14,TLKM,3828,3879,3755,3770,66293931
2026-07-15,ANTM,2187,2213,2131,2138,7784563
2026-07-15,ASII,9117,9135,8851,8968,6106610
2026-07-15,BBRI,5998,6022,5703,5817,15103269
2026-07-15,BRPT,987,1003,966,981,33000016
2026-07-15,TLKM,3768,3836,3740,3765,52357294
2026-07-16,ANTM,2144,2155,2101,2126,51390102
2026-07-16,ASII,8982,9085,8823,8859,7841059
2026-07-16,BBRI,5822,5956,5713,5910,62818858
2026-07-16,BRPT,975,1008,972,995,6691560
2026-07-16,TLKM,3745,3794,3660,3680,63864489
2026-07-17,ANTM,2106,2114,2090,2093,19637707
2026-07-17,ASII,8787,8951,8563,8685,33647289
2026-07-17,BBRI,5882,5917,5860,5917,46026768
2026-07-17,BRPT,989,1011,978,1001,11399574
2026-07-17,TLKM,3701,3766,3571,3631,34100084
2026-07-20,ANTM,2075,2079,2012,2043,7473543
2026-07-20,ASII,8719,8886,8524,8637,23569588
2026-07-20,BBRI,5907,6190,5825,6078,51883282
2026-07-20,BRPT,1009,1014,976,977,14423601
2026-07-20,TLKM,3625,3768,3555,3712,31729680
2026-07-21,ANTM,2030,2089,2014,2058,50947218
2026-07-21,ASII,8696,8792,8511,8544,39880388
2026-07-21,BBRI,6075,6123,5950,6025,14326702
2026-07-21,BRPT,983,996,960,968,38860691
2026-07-21,TLKM,3706,3776,3626,3692,13568906
2026-07-22,ANTM,2073,2103,2017,2026,55473641
2026-07-22,ASII,8620,8626,8407,8494,22818985
2026-07-22,BBRI,6021,6275,6014,6184,60954179
2026-07-22,BRPT,962,969,934,953,88245713
2026-07-22,TLKM,3658,3763,3608,3720,59775171
2026-07-23,ANTM,2042,2118,2004,2079,37327006
2026-07-23,ASII,8435,8829,8365,8726,61231523
2026-07-23,BBRI,6202,6402,6142,6353,18260980
2026-07-23,BRPT,958,965,949,963,83395581
2026-07-23,TLKM,3675,3855,3625,3793,8207526
2026-07-24,ANTM,2086,2165,2064,2138,64937684
2026-07-24,ASII,8777,8843,8421,8570,62419147
2026-07-24,BBRI,6374,6582,6347,6495,48557578
2026-07-24,BRPT,963,1002,949,990,71317503
2026-07-24,TLKM,3803,3949,3767,3887,39843800
2026-07-27,ANTM,2147,2179,2052,2078,75300062
2026-07-27,ASII,8551,8605,8246,8385,19579507
2026-07-27,BBRI,6430,6500,6380,6408,79365926
2026-07-27,BRPT,995,1022,985,1019,66574189
2026-07-27,TLKM,3850,3978,3823,3977,56725292
2026-07-28,ANTM,2057,2113,2020,2108,50284970
2026-07-28,ASII,8327,8408,8034,8151,37528267
2026-07-28,BBRI,6371,6515,6269,6406,3290911
2026-07-28,BRPT,1017,1050,999,1047,21196784
2026-07-28,TLKM,3985,4019,3882,3937,88754491
2026-07-29,ANTM,2129,2203,2092,2164,22440355
2026-07-29,ASII,8129,8546,8023,8394,41323004
2026-07-29,BBRI,6458,6541,6274,6302,10709755
2026-07-29,BRPT,1048,1066,1032,1050,15926469
2026-07-29,TLKM,3966,4068,3923,4029,69220995
2026-07-30,ANTM,2145,2149,2067,2109,6668795
2026-07-30,ASII,8422,8446,8260,8299,40903688
2026-07-30,BBRI,6366,6489,6309,6357,66087846
2026-07-30,BRPT,1058,1093,1041,1079,16469842
2026-07-30,TLKM,4063,4132,3904,3976,69518445
2026-07-31,ANTM,2131,2166,2123,2127,821706
2026-07-31,ASII,8316,8403,7977,8075,56593278
2026-07-31,BBRI,6289,6384,6094,6183,86394808
2026-07-31,BRPT,1069,1111,1051,1107,7022218
2026-07-31,TLKM,4023,4090,3955,4010,52159598
2026-08-03,ANTM,2116,2139,2074,2138,68764218
2026-08-03,ASII,8125,8136,8033,8125,55275383
2026-08-03,BBRI,6127,6239,6048,6167,29904848
2026-08-03,BRPT,1105,1114,1067,1080,39892130
2026-08-03,TLKM,4025,4077,3950,4022,14539635
2026-08-04,ANTM,2141,2199,2131,2186,38705755
2026-08-04,ASII,8126,8216,7997,8039,52660791
2026-08-04,BBRI,6126,6229,5902,6015,32056563
2026-08-04,BRPT,1068,1110,1054,1100,56627211
2026-08-04,TLKM,4063,4121,4058,4087,61674684
2026-08-05,ANTM,2172,2179,2129,2162,66906130
2026-08-05,ASII,8101,8401,8056,8245,41985069
2026-08-05,BBRI,6054,6172,6001,6075,38391776
2026-08-05,BRPT,1109,1110,1098,1105,16932526
2026-08-05,TLKM,4126,4192,4070,4183,32754281
2026-08-06,ANTM,2136,2175,2123,2131,58038975
2026-08-06,ASII,8285,8394,8222,8267,20563915
2026-08-06,BBRI,6068,6255,5995,6202,7509298
2026-08-06,BRPT,1108,1119,1088,1107,27180278
2026-08-06,TLKM,4224,4279,4154,4159,73101867
2026-08-07,ANTM,2144,2182,2108,2155,1254941
2026-08-07,ASII,8331,8451,7987,8116,79375611
2026-08-07,BBRI,6156,6327,6116,6212,56922875
2026-08-07,BRPT,1117,1131,1106,1120,88382846
2026-08-07,TLKM,4124,4321,4067,4272,67346854
2026-08-10,ANTM,2163,2191,2087,2108,34266295
2026-08-10,ASII,8122,8155,8079,8094,50524026
2026-08-10,BBRI,6255,6256,6160,6196,5697139
2026-08-10,BRPT,1106,1123,1080,1089,39430901
2026-08-10,TLKM,4284,4346,4186,4228,60960470
2026-08-11,ANTM,2083,2094,2035,2060,44262548
2026-08-11,ASII,8110,8238,7783,7871,70169438
2026-08-11,BBRI,6154,6301,6070,6263,36517379
2026-08-11,BRPT,1088,1104,1059,1077,64575442
2026-08-11,TLKM,4188,4283,4147,4214,40137174
2026-08-12,ANTM,2037,2141,2012,2111,36378084
2026-08-12,ASII,7855,7960,7805,7814,72370188
2026-08-12,BBRI,6316,6367,6289,6331,3577071
2026-08-12,BRPT,1074,1115,1052,1096,18066750
2026-08-12,TLKM,4221,4327,4199,4244,16753398
2026-08-13,ANTM,2103,2109,2063,2070,56723152
2026-08-13,ASII,7778,8010,7648,7979,72514963
2026-08-13,BBRI,6301,6333,6229,6295,13013888
2026-08-13,BRPT,1088,1107,1073,1102,63056543
2026-08-13,TLKM,4227,4265,4136,4206,85233497
2026-08-14,ANTM,2091,2136,2076,2105,3916110
2026-08-14,ASII,8031,8054,7800,7926,12883420
2026-08-14,BBRI,6249,6269,6113,6188,68403128
2026-08-14,BRPT,1103,1130,1096,1125,33912031
2026-08-14,TLKM,4229,4235,4045,4114,25020585
